16
4
-0.5 0.5
0.5 0.5
0.5 0.475 
-0.5 0.475
4
-0.5 0.5
-0.475 0.5
-0.475 -0.5
-0.5 -0.5
4
0.475 0.5
0.5 0.5
0.5 -0.5
0.475 -0.5
4
-0.5 -0.5
-0.5 -0.475
0.5 -0.475
0.5 -0.5
4
-0.4 -0.075
-0.4 -0.05
0.4 -0.05
0.4 -0.075
4
-0.4 0.075
-0.4 0.05
0.4 0.05
0.4 0.075
3
-0.27 -0.035
-0.27 -0.015
-0.26 -0.035
3
-0.23 0.015
-0.24 0.035
-0.23 0.035
3
-0.15 -0.035
-0.15 -0.015
-0.14 -0.035
3
-0.11 0.015
-0.12 0.035
-0.11 0.035
3
-0.03 -0.035
-0.03 -0.015
-0.02 -0.035
3
0.01 0.015
0.0 0.035
0.01 0.035
3
0.17 -0.035
0.17 -0.015
0.18 -0.035
3
0.21 0.015
0.2 0.035
0.21 0.035
3
0.29 -0.035
0.29 -0.015
0.30 -0.035
3
0.33 0.015
0.32 0.035
0.33 0.035