252
0.29 -0.1 0
0.09 -0.05 0
0.19 -0.16 0
-0.01 0.06 0
-0.11 -0.05 0
-0.21 -0.16 0
-0.31 -0.05 0
-0.36 0.05 0
0.23 0.23 0
-0.115573 -0.108049 0
-0.203598 -0.161809 0
-0.201222 -0.0140748 0
-0.206716 -0.0633269 0
-0.270253 0.0850662 0
-0.278775 0.0415191 0
-0.102936 0.00865501 0
0.0772328 0.0129289 0
0.0953627 -0.106034 0
0.214254 -0.164653 0
-0.156677 -0.149325 0
-0.0576405 0.0560695 0
0.064155 0.0271502 0
0.106746 -0.120747 0
-0.303232 -0.115024 0
-0.260617 -0.152192 0
-0.189887 -0.0704591 0
-0.207427 -0.0855236 0
-0.0980666 0.0162812 0
0.0752094 0.0109301 0
0.223252 -0.16176 0
0.273792 -0.114485 0
0.0277354 0.250739 0
-0.124148 0.228791 0
-0.296965 -0.117523 0
-0.399802 0.0501313 0
-0.13317 -0.118226 0
-0.0749792 0.0391238 0
0.085583 -0.00115881 0
0.0298985 0.0612279 0
-0.337985 -0.408921 0
-0.0213902 0.321421 0
-0.237415 -0.165158 0
-0.287091 -0.127556 0
-0.387282 0.173976 0
-0.286759 0.0481087 0
-0.216658 -0.0632928 0
-0.217094 -0.0389572 0
0.0845987 0.00146141 0
0.0852534 0.0020635 0
-0.0403088 0.0642174 0
-0.104135 0.00350922 0
0.248784 -0.143946 0
0.26107 -0.122692 0
-0.0310188 -0.342587 0
-0.202139 0.397064 0
-0.27683 -0.135658 0
-0.165053 -0.152152 0
-0.26739 0.0919256 0
-0.362769 0.130638 0
-0.187317 -0.0554362 0
-0.198486 -0.0743948 0
-0.06518 0.049974 0
0.0322379 0.0589 0
0.256993 -0.117641 0
0.143079 -0.161464 0
0.0669964 0.209701 0
0.359823 0.222136 0
-0.251784 -0.15961 0
-0.245074 0.0903267 0
-0.187994 -0.0974341 0
-0.219422 -0.0550616 0
-0.126737 -0.110378 0
-0.117454 -0.0978894 0
0.0872834 -0.0245072 0
0.105841 -0.118926 0
0.181746 -0.400946 0
-0.137895 0.121135 0
-0.2519 -0.160414 0
-0.25162 -0.159401 0
-0.235471 0.167942 0
-0.27385 0.159074 0
-0.241043 -0.0828488 0
-0.17574 -0.0360898 0
-0.108118 -0.0956575 0
-0.157293 -0.145758 0
0.0897896 -0.0687796 0
0.0887325 -0.0414539 0
-0.420258 0.31708 0
-0.203629 -0.0902713 0
-0.413672 0.160773 0
-0.291429 0.147111 0
-0.112779 -0.0396872 0
-0.113991 -0.00815707 0
0.085593 -0.0865542 0
0.113977 -0.131777 0
0.449137 -0.295175 0
-0.386111 0.322934 0
-0.266151 0.0516904 0
-0.292425 -0.107094 0
-0.184349 -0.0538044 0
-0.213158 -0.0633232 0
-0.115105 -0.0747921 0
-0.145772 -0.134704 0
0.121231 -0.147816 0
0.0697754 0.0132374 0
-0.206776 -0.443269 0
0.277217 -0.110457 0
-0.272617 -0.125345 0
-0.213512 0.0752843 0
-0.218672 -0.0271537 0
-0.213696 -0.0938823 0
-0.139932 -0.129326 0
-0.110393 0.000819761 0
0.0763691 0.0132107 0
0.108813 -0.122678 0
-0.211273 -0.287669 0
0.352922 0.0915365 0
-0.192922 -0.162087 0
-0.126894 -0.113811 0
-0.218319 -0.0559359 0
-0.222154 -0.0380903 0
-0.356 0.0365072 0
-0.259059 0.105823 0
0.0625749 0.0339983 0
0.0724287 0.016065 0
-0.109027 0.00218995 0
-0.0954131 0.0170055 0
0.0898395 -0.112063 0
0.132532 -0.149168 0
-0.0837678 -0.24909 0
0.248325 0.179684 0
-0.139962 -0.128072 0
-0.152475 -0.14331 0
-0.240289 -0.0623059 0
-0.198106 -0.0948744 0
-0.26252 0.13125 0
-0.39437 0.131945 0
-0.00542678 0.0617215 0
0.0854922 0.00158506 0
-0.110359 0.00145981 0
-0.109289 0.00239142 0
0.173833 -0.161601 0
0.204354 -0.164437 0
0.349393 0.417758 0
-0.315955 0.354249 0
-0.252558 -0.154674 0
-0.193008 -0.164009 0
-0.194859 -0.0839482 0
-0.229651 -0.0315669 0
-0.232828 0.135518 0
-0.265141 0.0564628 0
0.0852008 0.00154156 0
-0.0473947 0.0565804 0
0.183303 -0.160927 0
0.248521 -0.144714 0
-0.0769866 -0.333445 0
0.210223 -0.284576 0
-0.217687 -0.165118 0
-0.279816 -0.133998 0
-0.33098 0.0374578 0
-0.372712 0.0806749 0
-0.201519 -0.0980218 0
-0.196 -0.0660284 0
0.0842827 0.00204068 0
0.0841467 0.00332091 0
-0.0957109 0.0249081 0
-0.107855 -0.00241912 0
0.238385 -0.14931 0
0.237256 -0.158666 0
0.127942 0.111563 0
0.0378178 -0.24387 0
-0.28724 -0.127309 0
-0.159544 -0.151085 0
-0.394884 0.0591192 0
-0.329278 0.148891 0
-0.193416 -0.0478073 0
-0.230441 -0.0635757 0
-0.0985942 0.0116865 0
0.0441723 0.0458881 0
0.254255 -0.117631 0
0.130388 -0.143707 0
-0.251355 0.419253 0
0.362108 0.349818 0
-0.253174 -0.159175 0
-0.247305 0.0856769 0
-0.206693 -0.0887926 0
-0.214527 -0.0922058 0
-0.0593818 0.0538681 0
-0.10046 -0.00489213 0
0.0888535 -0.0789619 0
0.12523 -0.137834 0
-0.0251905 -0.158439 0
-0.306096 0.279912 0
-0.251076 -0.159311 0
-0.250151 -0.16022 0
-0.288301 0.163843 0
-0.208794 0.123776 0
-0.221 -0.0703083 0
-0.240057 -0.0600351 0
-0.115323 -0.0265064 0
-0.108411 -0.016171 0
0.0852521 -0.0947711 0
0.132198 -0.14831 0
-0.0586453 -0.32763 0
-0.249135 -0.0520388 0
-0.237584 0.173364 0
-0.357342 0.175502 0
-0.10905 -0.0898267 0
-0.161858 -0.153438 0
0.093122 -0.0386704 0
0.0853114 -0.0124109 0
0.291095 -0.215148 0
0.446842 0.137487 0
-0.395789 0.131623 0
-0.280909 -0.141014 0
-0.182186 -0.0607943 0
-0.198114 -0.0775291 0
-0.14422 -0.134699 0
-0.134844 -0.124108 0
0.102278 -0.105726 0
0.0440909 0.0498078 0
-0.202944 0.432499 0
0.283135 -0.104546 0
-0.298775 -0.129202 0
-0.378266 0.160509 0
-0.211981 -0.0293926 0
-0.244159 -0.0582849 0
-0.168806 -0.158383 0
-0.110467 0.00133595 0
0.0827208 0.00738678 0
0.118903 -0.115334 0
0.393111 0.0104113 0
0.0779743 0.39422 0
-0.276116 -0.131454 0
-0.128269 -0.117943 0
-0.237104 -0.0750749 0
-0.208559 -0.0821983 0
-0.321491 0.081133 0
-0.332628 0.0858767 0
0.0412536 0.0558303 0
0.0669633 0.0245622 0
-0.108946 0.0023024 0
-0.110081 0.00149857 0
0.142866 -0.14449 0
0.132638 -0.146523 0
0.270104 0.100871 0
-0.214877 -0.156731 0
-0.204208 -0.0413501 0
-0.242188 0.0807256 0
0.0620256 0.026416 0
-0.110474 0.000367474 0
0.166106 -0.157392 0
