38
4
-0.5 0.5
0.5 0.5
0.5 0.475 
-0.5 0.475
4
-0.5 0.5
-0.475 0.5
-0.475 -0.5
-0.5 -0.5
4
0.475 0.5
0.5 0.5
0.5 -0.5
0.475 -0.5
4
-0.5 -0.5
-0.5 -0.475
0.5 -0.475
0.5 -0.5
4
-0.45 0.225
-0.4375 0.225
-0.4375 0
-0.45 0
4
-0.4375 0.2125
-0.4375 0.225
-0.1875 0.225
-0.1875 0.2125
4
-0.1875 0.225
-0.1875 0
-0.175 0
-0.175 0.225
4
-0.1875 0
-0.275 0
-0.275 0.0125
-0.1875 0.0125
4
-0.4375 0
-0.4375 0.0125
-0.35 0.0125
-0.35 0
4
-0.35 0.0125
-0.35 -0.1175
-0.3375 -0.1175
-0.3375 0.0125
4
-0.275 0.0125
-0.2875 0.0125
-0.2875 -0.0875
-0.275 -0.0875
4
-0.35 -0.1175
-0.3375 -0.1175
-0.2625 -0.1875
-0.2625 -0.2
4
-0.2875 -0.0875
-0.275 -0.0875
-0.2375 -0.125
-0.2375 -0.1375
4
-0.2625 -0.2
-0.2625 -0.1875
-0.1575 -0.1875
-0.1575 -0.2
4
-0.2375 -0.125
-0.2375 -0.1375
-0.1875 -0.1375
-0.1875 -0.125
4
-0.1575 -0.1875
-0.1575 -0.2
-0.075 -0.115
-0.0875 -0.115
4
-0.1875 -0.1375
-0.1875 -0.125
-0.15 -0.0875
-0.1375 -0.0875
4
-0.075 -0.115
-0.0875 -0.115
-0.0875 -0.0125
-0.075 -0.0125
4
-0.15 -0.0875
-0.1375 -0.0875
-0.1375 0.0125
-0.15 0.0125
4
-0.0875 -0.0125
-0.075 -0.0125
-0.0375 0.025
-0.0375 0.04125
4
-0.1375 0.0125
-0.15 0.0125
-0.0625 0.1
-0.0625 0.0875
4
-0.0375 0.025
-0.0375 0.04125
0.0125 0.04125
0.0125 0.025
4
-0.0625 0.1
-0.0625 0.0875
0.0425 0.0875
0.0425 0.1
4
0.0125 0.04125
0.0125 0.025
0.05 -0.0125
0.0625 -0.0125
4
0.0425 0.0875
0.0425 0.1
0.125 0.0125
0.1125 0.0125
4
0.05 -0.0125
0.0625 -0.0125
0.0625 -0.115
0.05 -0.115
4
0.125 0.0125
0.1125 0.0125
0.1125 -0.0875
0.125 -0.0875
4
0.0625 -0.115
0.05 -0.115
0.13 -0.2
0.13 -0.1875
4
0.1125 -0.0875
0.125 -0.0875
0.1625 -0.125
0.1625 -0.1375
4
0.13 -0.2
0.13 -0.1875
0.2425 -0.1875
0.2425 -0.2
4
0.1625 -0.125
0.1625 -0.1375
0.2125 -0.1375
0.2125 -0.125
4
0.2425 -0.1875
0.2425 -0.2
0.325 -0.1175
0.3125 -0.1175
4
0.2125 -0.1375
0.2125 -0.125
0.25 -0.0875
0.2625 -0.0875
4
0.325 -0.1175
0.3125 -0.1175
0.3125 0.025
0.325 0.025
4
0.25 -0.0875
0.2625 -0.0875
0.2625 0.025
0.25 0.025
10
-0.0509884 0.0625
-0.0525 0.0625
-0.1275 -0.0125
-0.1275 -0.0625
-0.1275 -0.1125
-0.1775 -0.1625
-0.1675 -0.1625
-0.0975 -0.09
-0.0975 -0.0375
-0.0975 0.0125
10
0.1025 -0.0625
0.1025 -0.0125
0.0325 0.0625
0.0259884 0.0625
0.0725 0.0125
0.0725 -0.0375
0.0725 -0.09
0.14 -0.1625
0.1525 -0.1625
0.1025 -0.1125
7
0.2725 0.05
0.2725 -0.0625
0.2725 -0.1125
0.2225 -0.1625
0.2325 -0.1625
0.3025 -0.0925
0.3025 0.05