103
0.29 0 0
0 -0.2 0
-0.4 0.37 0
-0.4 0 0
-0.0382336 0.346683 0
-0.0362145 0.327652 0
-0.397173 0.397574 0
-0.3809 0.372769 0
-0.394323 -0.299144 0
-0.247719 -0.0484382 0
-0.0779235 0.381385 0
0.0434939 0.280722 0
-0.383418 -0.340147 0
-0.393601 -0.344978 0
-0.332301 -0.0997189 0
-0.245251 0.0283023 0
-0.00567553 0.200136 0
-0.0278349 0.204576 0
-0.383966 -0.356617 0
-0.369735 -0.367212 0
-0.0724446 0.368275 0
-0.00287502 0.240346 0
-0.345143 -0.388538 0
-0.341039 -0.399215 0
-0.0533946 0.39751 0
-0.0605801 0.272995 0
-0.388925 0.432847 0
-0.393395 0.434672 0
-0.337359 -0.383179 0
-0.349867 -0.384758 0
-0.00246527 0.388603 0
-0.00572468 0.232383 0
-0.39491 0.451185 0
-0.346984 -0.392101 0
-0.350032 -0.39704 0
-0.22809 0.0277453 0
-0.167814 0.00908453 0
-0.0126414 0.210095 0
-0.0229884 0.347066 0
-0.275345 0.0685619 0
-0.228246 0.00429998 0
-0.0644424 0.375946 0
0.0525546 0.398585 0
0.347915 -0.384704 0
0.354873 -0.388477 0
-0.0309604 0.262848 0
-0.073535 0.353738 0
0.34506 -0.392556 0
0.368616 -0.377334 0
-0.060772 0.395796 0
0.0800924 0.395879 0
0.367999 -0.369666 0
0.388075 -0.353368 0
-0.0673973 0.329174 0
0.0950832 0.383739 0
0.374486 -0.338137 0
0.395528 -0.328072 0
-0.436606 0.393744 0
-0.43766 0.397318 0
-0.00252756 0.269006 0
-0.0406528 0.288971 0
0.397705 -0.288132 0
-0.432586 0.386909 0
-0.0562632 0.352119 0
-0.044205 0.183697 0
0.396065 0.330585 0
0.387597 0.343738 0
-0.0797603 0.258624 0
0.0326319 0.380423 0
0.373344 0.355154 0
0.371312 0.37391 0
0.0412435 0.288033 0
-0.0666106 0.296926 0
0.370805 0.367525 0
0.342862 0.393123 0
0.0620655 0.379345 0
-0.0654286 0.271847 0
0.338337 0.376375 0
0.321587 0.396758 0
-0.30172 -0.0946551 0
-0.343265 -0.115887 0
-0.321824 0.391637 0
-0.0775521 0.375866 0
0.315169 0.387576 0
0.345693 0.39503 0
-0.368843 0.395014 0
-0.350942 0.391322 0
-0.33031 -0.13304 0
-0.347613 0.0841355 0
0.0692732 0.345712 0
-0.0501832 0.27526 0
0.0601373 0.252943 0
0.234316 0.401419 0
0.0298764 0.293817 0
0.0241458 0.359816 0
-0.369327 -0.0992175 0
-0.36302 -0.000255663 0
-0.0749709 0.406659 0
-0.0865285 0.411324 0
-0.359936 -0.0169651 0
-0.390961 0.0242469 0
-0.00605911 0.241539 0
0.398073 0.339878 0