45
0.29 -0.1 0
0.09 -0.05 0
0.19 -0.16 0
-0.01 0.06 0
-0.11 -0.05 0
-0.21 -0.16 0
-0.31 -0.05 0
-0.36 0.05 0
0.23 0.23 0
-0.22418 -0.0324117 0
-0.24804 -0.0509762 0
0.0854324 0.000780119 0
0.0852458 0.00211484 0
-0.232379 -0.0615544 0
-0.204345 -0.0379656 0
-0.110459 -0.0014978 0
-0.110579 0.000791833 0
-0.18364 -0.0809934 0
-0.239981 -0.0650804 0
-0.118476 -0.109738 0
-0.172231 -0.152323 0
0.0291171 0.0613026 0
0.0724892 0.0154176 0
-0.204368 -0.0715219 0
-0.210791 -0.0834875 0
-0.148086 -0.142164 0
-0.150487 -0.142384 0
-0.205607 -0.0937758 0
-0.180045 -0.0606589 0
-0.058479 0.0541608 0
-0.0985771 0.0138348 0
0.109448 -0.125495 0
0.142426 -0.157048 0
-0.136102 -0.124523 0
-0.150029 -0.136575 0
0.0753355 0.0146287 0
0.0837031 0.0045083 0
-0.179527 -0.0587083 0
0.23049 -0.157112 0
-0.308428 -0.100004 0
-0.264691 -0.14804 0
0.0776448 0.00352782 0
0.0441522 0.044953 0
0.129043 -0.144257 0
0.10917 -0.121633 0