13
4
-0.5 0.5
0.5 0.5
0.5 0.46875 
-0.5 0.46875
4
-0.5 0.5
-0.46875 0.5
-0.46875 -0.5
-0.5 -0.5
4
0.46875 0.5
0.5 0.5
0.5 -0.5
0.46875 -0.5
4
-0.5 -0.5
-0.5 -0.46875
0.5 -0.46875
0.5 -0.5
8
-0.28125 0.15
-0.3625 0.2
-0.4 0.325
-0.375 0.375
-0.325 0.4
-0.2 0.3625
-0.15 0.28125
0 0
8
0.28125 0.15
0.3625 0.2
0.4 0.325
0.375 0.375
0.325 0.4
0.2 0.3625
0.15 0.28125
0 0
8
0.28125 -0.15
0.3625 -0.2
0.4 -0.325
0.375 -0.375
0.325 -0.4
0.2 -0.3625
0.15 -0.28125
0 0
8
-0.28125 -0.15
-0.3625 -0.2
-0.4 -0.325
-0.375 -0.375
-0.325 -0.4
-0.2 -0.3625
-0.15 -0.28125
0 0
3
-0.4625 0.3125
-0.4375 0.3
-0.4625 0.2875
3
-0.40625 0.3125
-0.43125 0.3
-0.40625 0.2875
3
0.46875 0.46875
0.375 0.46875
0.46875 0.375
3
0.46875 -0.46875
0.46875 -0.375
0.375 -0.46875
3
-0.46875 -0.46875
-0.46875 -0.375
-0.375 -0.46875