6
28
-0.07 -0.20 
-0.23 -0.27 
-0.41 -0.11 
-0.42 0.07 
-0.17 0.22 
-0.10 0.20 
-0.10 0.37 
0.20 0.37 
0.19 0.20 
0.26 0.22 
0.41 0.07 
0.41 -0.12 
0.25 -0.27 
0.10 -0.20 
0.10 -0.19 
0.24 -0.25 
0.39 -0.11 
0.40 0.06 
0.27 0.20 
0.18 0.19 
0.18 0.35 
-0.09 0.36 
-0.09 0.18 
-0.17 0.20 
-0.40 0.07 
-0.40 -0.11 
-0.23 -0.26 
-0.07 -0.20 
27
-0.07 -0.20 
-0.15 -0.16 
-0.24 -0.16 
-0.33 -0.08 
-0.33 0.02 
-0.10 0.12 
-0.10 0.05 
0.16 0.05 
0.17 0.13 
0.33 0.03 
0.33 -0.10 
0.23 -0.17 
0.17 -0.16 
0.10 -0.20 
0.09 -0.20 
0.16 -0.15 
0.22 -0.15 
0.32 -0.09 
0.31 0.02 
0.18 0.11 
0.17 0.03 
-0.10 0.04 
-0.11 0.10 
-0.32 0.01 
-0.32 -0.08 
-0.24 -0.15 
-0.14 -0.15 
4
-0.50 0.50 
0.50 0.50 
0.50 0.47 
-0.50 0.47 
4
-0.50 0.50 
-0.47 0.50 
-0.47 -0.50 
-0.50 -0.50 
4
0.47 0.50 
0.50 0.50 
0.50 -0.50 
0.47 -0.50 
4
-0.50 -0.50 
-0.50 -0.47 
0.50 -0.47 
0.50 -0.50 
